9  2.0				! Layer_#, Ref_frequency
 100.0    2000.0  800.0   2000.0   90.    60.       
 400.0    2500.0  1100.0  2100.0   200.   150.
 500.0    3000.0  1500.0  2200.0   300.   200.
 1000.0   3800.0  2000.0  2300.0   450.   300.
 3000.0   4700.0  2700.0  2500.0   600.   400.
 3000.0   5500.0  3000.0  2600.0   1000.  500. 
 7000.0   6000.0  3600.0  2800.0   1500.  750. 
 10000.0  6500.0  3900.0  3000.0   2000.  1000. 
 0.0      7800.0  4500.0  3300.0   2000.  1000.  

! thick, vp,vs,den, Qp, Qs






9  2.0				! Layer_#, Ref_frequency
2.0 0.8 2.0 0.1    90.   60.       
2.5 1.1 2.1 0.4   200.   150.
3.0 1.5 2.2 0.5   300.   200.
3.8 2.0 2.3 1.0   450.   300.
4.7 2.7 2.5 3.0   600.   400.
5.5 3.0 2.6 3.0   1000.  500. 
6.0 3.6 2.8 7.0   1500.  750. 
6.5 3.9 3.0 10.0  2000.  1000. 
7.8 4.5 3.3 0.0   2000.  1000.  

! vp,vs,den, thick, Qp, Qs






