          36          36           5          31          10
   1.1161493       1.1161493       1.3754293       1.6949396       2.0886717       2.5738673       3.1717730       3.9085712       4.8165283       5.9354000       7.3141842       9.0132599       11.107029       13.687176       16.866684       20.784798       25.613075       31.562958       38.894989       47.930237       59.064362       72.784943       89.692780       110.52826       136.20386       167.84381       206.83362       254.88086       314.08923       387.05176       476.96338       587.76147       724.29761       892.55078       1099.8892       1099.8892    
   1.1161493       1.1161493       1.3754293       1.6949396       2.0886717       2.5738673       3.1717730       3.9085712       4.8165283       5.9354000       7.3141842       9.0132599       11.107029       13.687176       16.866684       20.784798       25.613075       31.562958       38.894989       47.930237       59.064362       72.784943       89.692780       110.52826       136.20386       167.84381       206.83362       254.88086       314.08923       387.05176       476.96338       587.76147       724.29761       892.55078       1099.8892       1099.8892    
   1.1161493       1.1161493       1.3754293       1.6949396       2.0886717       2.5738673       3.1717730       3.9085712       4.8165283       5.9354000       7.3141842       9.0132599       11.107029       13.687176       16.866684       20.784798       25.613075       31.562958       38.894989       47.930237       59.064362       72.784943       89.692780       110.52826       136.20386       167.84381       206.83362       254.88086       314.08923       387.05176       476.96338       587.76147       724.29761       892.55078       1099.8892       1099.8892    
      168540           1       11236           2       78652           3       11236           4       22472           5
       11236           6       22472           7       11236           8       15124           9        1296          10
        1296          11        -999        -999        -999        -999        -999        -999        -999        -999
        -999        -999        -999        -999        -999        -999        -999        -999        -999        -999
          11           8  3.79000012E-05
   2031.3230       2143.4734       2512.1768       2842.7991       3010.7168       3292.9773       3810.1846       3886.2727       4708.1714       5264.1353       5508.6079    
   818.81494       880.34760       1108.0388       1363.2006       1508.0366       1677.3036       2008.0369       2063.0518       2707.0359       2921.7600       3007.0369    
   2000.0000       2031.6125       2100.0000       2174.7703       2200.0000       2245.2168       2300.0000       2325.6016       2500.0000       2575.5537       2600.0000    
  0.62354392      0.50065756      0.21188074      0.17112404      0.15721804      0.13997461      0.11891758      0.11369560      7.78135285E-02  7.20349103E-02  7.01620281E-02
  0.88420320      0.71731675      0.31124091      0.25228450      0.23207222      0.20694000      0.17614529      0.16849057      0.11569832      0.10716441      0.10439661    
  0.99524963      0.99525040      0.99884748      0.99972641      0.99992996      0.99998087      0.99999690      0.99999690    
  9.47995018E-03  6.58190018E-03  7.76894996E-03  7.87224993E-03  1.15036499E-02  1.04753003E-02  1.71244498E-02  1.19227003E-02
  4.25288491E-02  5.68379983E-02  6.81425035E-02  7.16509968E-02  6.26000017E-02  7.15539977E-02  5.22329994E-02  7.29044974E-02
