 2  -27000.00  -20000.0  0.0    2
block-1
 21000.   30000.0    700.
 27000.0  32000.0    810.0
 400.0     5100.0    200.0
block-2
 15700.0   17000.0    1000.
 40800.0   43000.0    1000.0
 0.0     0.0      200.0



Opition-1
  10  -27000.00  -20000.0  0.0    1
tpc                                                                     
   -14100.6719    -4896.9673        0.0000      270.0000        0.0000
bhg                                                                     
   -22459.0273    17061.0176        0.0000        0.0000       90.0000
hws                                                                     
   -13508.0645    10439.4785        0.0000        0.0000       90.0000
er1                                                                     
    -6905.7041     2823.7056        0.0000      190.0000      280.0000
la0                                                                     
   -11632.7529     8479.1357        0.0000      180.0000      270.0000
la1                                                                     
    -8800.3232     9842.6953        0.0000      279.0000        9.0000
pdm                                                                     
    13679.5654    13642.3008        0.0000      175.0000      265.0000
ssp                                                                     
     2222.5566   -15449.2549        0.0000        0.0000       90.0000
gri                                                                     
   -10299.0029    22810.9980        0.0000      270.0000        0.0000
law                                                                     
   -10714.3457    15359.3828        0.0000       95.0000      185.0000



Opition-2

 2  -27000.00  -20000.0  0.0    2
block-1
 7000.   30000.0    1800.
 6000.0  32000.0    1910.0
 0.0     0.0      200.0
block-2
 21000.   30000.0    700.
 27000.0  32000.0    810.0
 400.0     5100.0    200.0

